./depth/0.png 0 0 -200 -27.6102 27.2154 -189.968 -163.003 45.5509 -192.15 -197.554 49.4384 -192.826 -217.787 51.3484 -194.94 -33.0728 4.72562 -190.877 -74.6774 3.83539 -192.292 -107.611 2.6419 -191.747 -126.924 2.44805 -194.513 -16.5681 -37.33 -186.687 -48.5252 -49.8561 -186.082 -72.7607 -59.823 -186.511 -88.588 -66.7847 -186.725 -27.7515 -17.756 -190.577 -65.5864 -23.4094 -194.666 -98.9397 -29.1175 -196.004 -118.337 -31.7929 -197.585 47.4029 42.1899 -188.288 19.739 64.1827 -180.694 -9.70357 91.3832 -176.693 -23.1871 109.32 -172.478 79.4465 -5.27439 -186.505 259.383 40.8754 -108.928
./depth/1.png 0 0 -200 -27.6102 27.2154 -189.968 -163.003 45.5509 -192.15 -197.554 49.4384 -192.826 -217.787 51.3484 -194.94 -33.0728 4.72562 -190.877 -74.6774 3.83539 -192.292 -107.611 2.6419 -191.747 -126.924 2.44805 -194.513 -16.5681 -37.33 -186.687 -48.5252 -49.8561 -186.082 -72.7607 -59.823 -186.511 -86.1411 -65.7084 -177.273 -27.7515 -17.756 -190.577 -65.5864 -23.4094 -194.666 -98.9397 -29.1175 -196.004 -118.337 -31.7929 -197.585 47.4029 42.1899 -188.288 19.739 64.1827 -180.694 -9.70357 91.3832 -176.693 -23.1871 109.32 -172.478 79.4465 -5.27439 -186.505 259.383 40.8754 -108.928
./depth/2.png 0 0 -200 -27.6102 27.2154 -189.968 -163.003 45.5509 -192.15 -197.554 49.4384 -192.826 -217.787 51.3484 -194.94 -33.0728 4.72562 -190.877 -74.6774 3.83539 -192.292 -107.611 2.6419 -191.747 -126.924 2.44805 -194.513 -16.5681 -37.33 -186.687 -48.5252 -49.8561 -186.082 -72.7607 -59.823 -186.511 -86.1411 -65.7084 -177.273 -27.7515 -17.756 -190.577 -65.5864 -23.4094 -194.666 -98.9397 -29.1175 -196.004 -118.337 -31.7929 -197.585 47.4029 42.1899 -188.288 19.739 64.1827 -180.694 -9.70357 91.3832 -176.693 -23.1871 109.32 -172.478 79.4465 -5.27439 -186.505 263.25 6.19806 -105.203
./depth/3.png 0 0 -200 -27.6102 27.2154 -189.968 -163.003 45.5509 -192.15 -197.554 49.4384 -192.826 -217.787 51.3484 -194.94 -33.0728 4.72562 -190.877 -74.6774 3.83539 -192.292 -107.611 2.6419 -191.747 -126.924 2.44805 -194.513 -16.5681 -37.33 -186.687 -48.5252 -49.8561 -186.082 -72.7607 -59.823 -186.511 -86.1411 -65.7084 -177.273 -27.7515 -17.756 -190.577 -65.5864 -23.4094 -194.666 -98.9397 -29.1175 -196.004 -118.337 -31.7929 -197.585 47.4029 42.1899 -188.288 19.739 64.1827 -180.694 -9.70357 91.3832 -176.693 -23.1871 109.32 -172.478 79.4465 -5.27439 -186.505 263.25 6.19806 -105.203
./depth/4.png 0 0 -200 -27.6102 27.2154 -189.968 -163.003 45.5509 -192.15 -197.554 49.4384 -192.826 -217.787 51.3484 -194.94 -33.0728 4.72562 -190.877 -74.6774 3.83539 -192.292 -95.4293 3.08335 -166.697 -109.967 3.06253 -153.684 -16.5681 -37.33 -186.687 -48.5252 -49.8561 -186.082 -72.7607 -59.823 -186.511 -86.1411 -65.7084 -177.273 -27.7515 -17.756 -190.577 -65.5864 -23.4094 -194.666 -98.9397 -29.1175 -196.004 -118.337 -31.7929 -197.585 47.4029 42.1899 -188.288 19.739 64.1827 -180.694 -9.70357 91.3832 -176.693 -23.1871 109.32 -172.478 79.4465 -5.27439 -186.505 263.25 6.19806 -105.203
./depth/5.png 0 0 -200 -27.6102 27.2154 -189.968 -163.003 45.5509 -192.15 -197.554 49.4384 -192.826 -217.787 51.3484 -194.94 -33.0728 4.72562 -190.877 -74.6774 3.83539 -192.292 -95.4293 3.08335 -166.697 -109.967 3.06253 -153.684 -16.5681 -37.33 -186.687 -48.5252 -49.8561 -186.082 -72.7607 -59.823 -186.511 -86.1411 -65.7084 -177.273 -27.7515 -17.756 -190.577 -65.5864 -23.4094 -194.666 -98.9397 -29.1175 -196.004 -118.337 -31.7929 -197.585 47.4029 42.1899 -188.288 19.739 64.1827 -180.694 -9.70357 91.3832 -176.693 -23.1871 109.32 -172.478 79.4465 -5.27439 -186.505 263.25 6.19806 -105.203
./depth/6.png 0 0 -200 -27.6102 27.2154 -189.968 -163.003 45.5509 -192.15 -197.554 49.4384 -192.826 -217.787 51.3484 -194.94 -33.0728 4.72562 -190.877 -74.6774 3.83539 -192.292 -90.1674 3.27404 -163.205 -101.958 3.35281 -147.659 -16.5681 -37.33 -186.687 -48.5252 -49.8561 -186.082 -72.7607 -59.823 -186.511 -86.1411 -65.7084 -177.273 -27.7515 -17.756 -190.577 -65.5864 -23.4094 -194.666 -98.9397 -29.1175 -196.004 -118.337 -31.7929 -197.585 47.4029 42.1899 -188.288 19.739 64.1827 -180.694 -9.70357 91.3832 -176.693 -23.1871 109.32 -172.478 79.4465 -5.27439 -186.505 263.25 6.19806 -105.203
./depth/7.png 0 0 -200 -27.6102 27.2154 -189.968 -163.003 45.5509 -192.15 -188.73 48.4456 -168.933 -204.971 49.9064 -156.62 -33.0728 4.72562 -190.877 -74.6774 3.83539 -192.292 -90.1674 3.27404 -163.205 -101.958 3.35281 -147.659 -16.5681 -37.33 -186.687 -48.5252 -49.8561 -186.082 -72.7607 -59.823 -186.511 -86.1411 -65.7084 -177.273 -27.7515 -17.756 -190.577 -65.5864 -23.4094 -194.666 -98.9397 -29.1175 -196.004 -118.337 -31.7929 -197.585 47.4029 42.1899 -188.288 19.739 64.1827 -180.694 -9.70357 91.3832 -176.693 -23.1871 109.32 -172.478 79.4465 -5.27439 -186.505 263.25 6.19806 -105.203
./depth/8.png 0 0 -200 -27.6102 27.2154 -189.968 -163.003 45.5509 -192.15 -188.73 48.4456 -168.933 -204.971 49.9064 -156.62 -33.0728 4.72562 -190.877 -74.6774 3.83539 -192.292 -90.1674 3.27404 -163.205 -101.958 3.35281 -147.659 -16.5681 -37.33 -186.687 -48.5252 -49.8561 -186.082 -72.7607 -59.823 -186.511 -86.1411 -65.7084 -177.273 -27.7515 -17.756 -190.577 -65.5864 -23.4094 -194.666 -98.9397 -29.1175 -196.004 -118.337 -31.7929 -197.585 47.4029 42.1899 -188.288 19.739 64.1827 -180.694 -9.70357 91.3832 -176.693 -23.1871 109.32 -172.478 79.4465 -5.27439 -186.505 263.25 6.19806 -105.203
./depth/9.png 0 0 -200 -27.6102 27.2154 -189.968 -163.003 45.5509 -192.15 -188.73 48.4456 -168.933 -204.971 49.9064 -156.62 -33.0728 4.72562 -190.877 -74.6774 3.83539 -192.292 -90.1674 3.27404 -163.205 -101.958 3.35281 -147.659 -16.5681 -37.33 -186.687 -48.5252 -49.8561 -186.082 -72.7607 -59.823 -186.511 -86.1411 -65.7084 -177.273 -27.7515 -17.756 -190.577 -65.5864 -23.4094 -194.666 -98.9397 -29.1175 -196.004 -118.337 -31.7929 -197.585 47.4029 42.1899 -188.288 19.739 64.1827 -180.694 -9.70357 91.3832 -176.693 -23.1871 109.32 -172.478 79.4465 -5.27439 -186.505 263.25 6.19806 -105.203
./depth/10.png 0 0 -200 -27.6102 27.2154 -189.968 -163.003 45.5509 -192.15 -188.73 48.4456 -168.933 -204.971 49.9064 -156.62 -33.0728 4.72562 -190.877 -74.6774 3.83539 -192.292 -90.1674 3.27404 -163.205 -96.2562 3.55544 -144.67 -16.5681 -37.33 -186.687 -48.5252 -49.8561 -186.082 -72.7607 -59.823 -186.511 -86.1411 -65.7084 -177.273 -27.7515 -17.756 -190.577 -65.5864 -23.4094 -194.666 -98.9397 -29.1175 -196.004 -118.337 -31.7929 -197.585 47.4029 42.1899 -188.288 19.739 64.1827 -180.694 -9.70357 91.3832 -176.693 -23.1871 109.32 -172.478 79.4465 -5.27439 -186.505 263.25 6.19806 -105.203
./depth/11.png 0 0 -200 -27.6102 27.2154 -189.968 -163.003 45.5509 -192.15 -188.73 48.4456 -168.933 -204.971 49.9064 -156.62 -33.0728 4.72562 -190.877 -74.6774 3.83539 -192.292 -90.1674 3.27404 -163.205 -89.211 3.74293 -143.723 -16.5681 -37.33 -186.687 -48.5252 -49.8561 -186.082 -72.7607 -59.823 -186.511 -86.1411 -65.7084 -177.273 -27.7515 -17.756 -190.577 -65.5864 -23.4094 -194.666 -98.9397 -29.1175 -196.004 -118.337 -31.7929 -197.585 47.4029 42.1899 -188.288 19.739 64.1827 -180.694 -9.70357 91.3832 -176.693 -23.1871 109.32 -172.478 79.4465 -5.27439 -186.505 263.25 6.19806 -105.203
./depth/12.png 0 0 -200 -27.6102 27.2154 -189.968 -163.003 45.5509 -192.15 -188.73 48.4456 -168.933 -204.971 49.9064 -156.62 -33.0728 4.72562 -190.877 -74.6774 3.83539 -192.292 -90.1674 3.27404 -163.205 -89.211 3.74293 -143.723 -16.5681 -37.33 -186.687 -20.3155 -43.9306 -153.207 -23.8239 -49.6835 -127.879 -16.9734 -49.8401 -112.003 -27.7515 -17.756 -190.577 -65.5864 -23.4094 -194.666 -98.9397 -29.1175 -196.004 -118.337 -31.7929 -197.585 47.4029 42.1899 -188.288 19.739 64.1827 -180.694 -9.70357 91.3832 -176.693 -23.1871 109.32 -172.478 79.4465 -5.27439 -186.505 263.25 6.19806 -105.203
./depth/13.png 0 0 -200 -27.6102 27.2154 -189.968 -163.003 45.5509 -192.15 -188.73 48.4456 -168.933 -204.971 49.9064 -156.62 -33.0728 4.72562 -190.877 -74.6774 3.83539 -192.292 -90.1674 3.27404 -163.205 -89.211 3.74293 -143.723 -16.5681 -37.33 -186.687 -20.3155 -43.9306 -153.207 -23.8239 -49.6835 -127.879 -12.6635 -47.4288 -114.865 -27.7515 -17.756 -190.577 -65.5864 -23.4094 -194.666 -98.9397 -29.1175 -196.004 -118.337 -31.7929 -197.585 47.4029 42.1899 -188.288 19.739 64.1827 -180.694 -9.70357 91.3832 -176.693 -23.1871 109.32 -172.478 79.4465 -5.27439 -186.505 263.25 6.19806 -105.203
./depth/14.png 0 0 -200 -27.6102 27.2154 -189.968 -163.003 45.5509 -192.15 -188.73 48.4456 -168.933 -204.971 49.9064 -156.62 -33.0728 4.72562 -190.877 -74.6774 3.83539 -192.292 -90.1674 3.27404 -163.205 -89.211 3.74293 -143.723 -16.5681 -37.33 -186.687 -20.3155 -43.9306 -153.207 -23.8239 -49.6835 -127.879 -12.6635 -47.4288 -114.865 -27.7515 -17.756 -190.577 -65.5864 -23.4094 -194.666 -98.9397 -29.1175 -196.004 -118.337 -31.7929 -197.585 47.4029 42.1899 -188.288 19.739 64.1827 -180.694 -9.70357 91.3832 -176.693 -23.1871 109.32 -172.478 79.4465 -5.27439 -186.505 263.25 6.19806 -105.203
./depth/15.png 0 0 -200 -27.6102 27.2154 -189.968 -163.003 45.5509 -192.15 -188.73 48.4456 -168.933 -204.971 49.9064 -156.62 -33.0728 4.72562 -190.877 -74.6774 3.83539 -192.292 -90.1674 3.27404 -163.205 -89.211 3.74293 -143.723 -16.5681 -37.33 -186.687 -20.3155 -43.9306 -153.207 -23.8239 -49.6835 -127.879 -12.6635 -47.4288 -114.865 -27.7515 -17.756 -190.577 -65.5864 -23.4094 -194.666 -98.9397 -29.1175 -196.004 -118.337 -31.7929 -197.585 47.4029 42.1899 -188.288 19.739 64.1827 -180.694 -9.70357 91.3832 -176.693 -23.1871 109.32 -172.478 79.4465 -5.27439 -186.505 263.25 6.19806 -105.203
./depth/16.png 0 0 -200 -27.6102 27.2154 -189.968 -163.003 45.5509 -192.15 -188.73 48.4456 -168.933 -204.971 49.9064 -156.62 -33.0728 4.72562 -190.877 -74.6774 3.83539 -192.292 -90.1674 3.27404 -163.205 -89.211 3.74293 -143.723 -16.5681 -37.33 -186.687 -20.3155 -43.9306 -153.207 -23.8239 -49.6835 -127.879 -12.6635 -47.4288 -114.865 -27.7515 -17.756 -190.577 -65.5864 -23.4094 -194.666 -98.9397 -29.1175 -196.004 -118.337 -31.7929 -197.585 47.4029 42.1899 -188.288 19.739 64.1827 -180.694 -9.70357 91.3832 -176.693 -23.1871 109.32 -172.478 79.4465 -5.27439 -186.505 263.25 6.19806 -105.203
./depth/17.png 0 0 -200 -27.6102 27.2154 -189.968 -163.003 45.5509 -192.15 -188.73 48.4456 -168.933 -204.971 49.9064 -156.62 -33.0728 4.72562 -190.877 -74.6774 3.83539 -192.292 -90.1674 3.27404 -163.205 -89.211 3.74293 -143.723 -16.5681 -37.33 -186.687 -20.3155 -43.9306 -153.207 -23.8239 -49.6835 -127.879 -12.6635 -47.4288 -114.865 -27.7515 -17.756 -190.577 -65.5864 -23.4094 -194.666 -98.9397 -29.1175 -196.004 -118.337 -31.7929 -197.585 47.4029 42.1899 -188.288 19.739 64.1827 -180.694 -9.70357 91.3832 -176.693 -23.1871 109.32 -172.478 79.4465 -5.27439 -186.505 263.25 6.19806 -105.203
./depth/18.png 0 0 -200 -27.6102 27.2154 -189.968 -163.003 45.5509 -192.15 -188.73 48.4456 -168.933 -204.971 49.9064 -156.62 -33.0728 4.72562 -190.877 -74.6774 3.83539 -192.292 -90.1674 3.27404 -163.205 -89.211 3.74293 -143.723 -16.5681 -37.33 -186.687 -20.3155 -43.9306 -153.207 -23.8239 -49.6835 -127.879 -12.6635 -47.4288 -114.865 -27.7515 -17.756 -190.577 -65.5864 -23.4094 -194.666 -98.9397 -29.1175 -196.004 -118.337 -31.7929 -197.585 47.4029 42.1899 -188.288 19.739 64.1827 -180.694 -9.70357 91.3832 -176.693 -23.1871 109.32 -172.478 79.4465 -5.27439 -186.505 263.25 6.19806 -105.203
./depth/19.png 0 0 -200 -27.6102 27.2154 -189.968 -163.003 45.5509 -192.15 -188.73 48.4456 -168.933 -204.971 49.9064 -156.62 -33.0728 4.72562 -190.877 -74.6774 3.83539 -192.292 -90.1674 3.27404 -163.205 -89.211 3.74293 -143.723 -16.5681 -37.33 -186.687 -20.3155 -43.9306 -153.207 -23.8239 -49.6835 -127.879 -18.2532 -50.4828 -111.529 -27.7515 -17.756 -190.577 -65.5864 -23.4094 -194.666 -98.9397 -29.1175 -196.004 -118.337 -31.7929 -197.585 47.4029 42.1899 -188.288 19.739 64.1827 -180.694 -9.70357 91.3832 -176.693 -23.1871 109.32 -172.478 79.4465 -5.27439 -186.505 263.25 6.19806 -105.203
./depth/20.png 0 0 -200 -21.1322 -32.6548 -209.525 -38.8627 -120.074 -313.042 -32.4554 -153.646 -319.461 -28.9893 -173.025 -324.93 -0.785377 -28.4341 -219.755 -0.518758 -52.748 -253.556 11.3633 -83.2108 -249.413 18.5439 -96.8979 -237.505 39.5644 -8.36344 -214.491 58.7219 -32.9237 -200.058 73.9137 -51.684 -189.853 81.0382 -59.8685 -176.389 20.0266 -18.4539 -220.799 23.6327 -37.0405 -254.291 28.3642 -54.8468 -282.705 30.2092 -64.8183 -299.53 -34.2597 7.69818 -145.859 -51.5371 -21.6132 -158.065 -75.012 -51.017 -172.455 -89.8763 -67.8985 -176.377 10.1279 40.7475 -131.016 31.3347 91.4019 62.6577
./depth/21.png 0 0 -200 -21.1322 -32.6548 -209.525 -38.8627 -120.074 -313.042 -42.2313 -142.934 -339.03 -44.544 -155.001 -355.356 -0.785377 -28.4341 -219.755 -0.518758 -52.748 -253.556 11.3633 -83.2108 -249.413 18.5439 -96.8979 -237.505 39.5644 -8.36344 -214.491 58.7219 -32.9237 -200.058 73.9137 -51.684 -189.853 81.0382 -59.8685 -176.389 20.0266 -18.4539 -220.799 23.6327 -37.0405 -254.291 28.3642 -54.8468 -282.705 30.2092 -64.8183 -299.53 -34.2597 7.69818 -145.859 -51.5371 -21.6132 -158.065 -75.012 -51.017 -172.455 -89.8763 -67.8985 -176.377 10.1279 40.7475 -131.016 31.3347 91.4019 62.6577
./depth/22.png 0 0 -200 -21.1322 -32.6548 -209.525 -38.8627 -120.074 -313.042 -42.2313 -142.934 -339.03 -44.544 -155.001 -355.356 -0.785377 -28.4341 -219.755 -0.518758 -52.748 -253.556 11.3633 -83.2108 -249.413 18.5439 -96.8979 -237.505 39.5644 -8.36344 -214.491 58.7219 -32.9237 -200.058 73.9137 -51.684 -189.853 81.0382 -59.8685 -176.389 20.0266 -18.4539 -220.799 23.6327 -37.0405 -254.291 28.3642 -54.8468 -282.705 30.2092 -64.8183 -299.53 -34.2597 7.69818 -145.859 -51.5371 -21.6132 -158.065 -75.012 -51.017 -172.455 -89.8763 -67.8985 -176.377 10.1279 40.7475 -131.016 31.3347 91.4019 62.6577
./depth/23.png 0 0 -200 -21.1322 -32.6548 -209.525 -38.8627 -120.074 -313.042 -42.2313 -142.934 -339.03 -44.544 -155.001 -355.356 -0.785377 -28.4341 -219.755 -0.518758 -52.748 -253.556 11.3633 -83.2108 -249.413 18.5439 -96.8979 -237.505 39.5644 -8.36344 -214.491 58.7219 -32.9237 -200.058 73.9137 -51.684 -189.853 81.0382 -59.8685 -176.389 20.0266 -18.4539 -220.799 23.6327 -37.0405 -254.291 28.3642 -54.8468 -282.705 30.2092 -64.8183 -299.53 -34.2597 7.69818 -145.859 -51.5371 -21.6132 -158.065 -75.012 -51.017 -172.455 -89.8763 -67.8985 -176.377 10.1279 40.7475 -131.016 31.3347 91.4019 62.6577
./depth/24.png 0 0 -200 -21.1322 -32.6548 -209.525 -38.8627 -120.074 -313.042 -42.2313 -142.934 -339.03 -44.544 -155.001 -355.356 -0.785377 -28.4341 -219.755 -0.518758 -52.748 -253.556 11.3633 -83.2108 -249.413 18.3774 -100.369 -243.323 39.5644 -8.36344 -214.491 58.7219 -32.9237 -200.058 73.9137 -51.684 -189.853 81.0382 -59.8685 -176.389 20.0266 -18.4539 -220.799 23.6327 -37.0405 -254.291 28.3642 -54.8468 -282.705 30.2092 -64.8183 -299.53 -34.2597 7.69818 -145.859 -51.5371 -21.6132 -158.065 -75.012 -51.017 -172.455 -89.8763 -67.8985 -176.377 10.1279 40.7475 -131.016 31.3347 91.4019 62.6577
./depth/25.png 0 0 -200 -21.1322 -32.6548 -209.525 -38.8627 -120.074 -313.042 -42.2313 -142.934 -339.03 -44.544 -155.001 -355.356 -0.785377 -28.4341 -219.755 -0.518758 -52.748 -253.556 11.3633 -83.2108 -249.413 18.3774 -100.369 -243.323 39.5644 -8.36344 -214.491 58.7219 -32.9237 -200.058 73.9137 -51.684 -189.853 81.0382 -59.8685 -176.389 20.0266 -18.4539 -220.799 23.6327 -37.0405 -254.291 28.3642 -54.8468 -282.705 30.2092 -64.8183 -299.53 -34.2597 7.69818 -145.859 -51.5371 -21.6132 -158.065 -75.012 -51.017 -172.455 -89.8763 -67.8985 -176.377 10.1279 40.7475 -131.016 67.2654 101.005 52.3674
./depth/26.png 0 0 -200 -21.1322 -32.6548 -209.525 -2.82257 -160.4 -254.45 3.00109 -192.952 -265.21 6.01052 -211.535 -273.152 -0.785377 -28.4341 -219.755 -0.518758 -52.748 -253.556 11.3633 -83.2108 -249.413 18.3774 -100.369 -243.323 39.5644 -8.36344 -214.491 58.7219 -32.9237 -200.058 73.9137 -51.684 -189.853 81.0382 -59.8685 -176.389 20.0266 -18.4539 -220.799 23.6327 -37.0405 -254.291 28.3642 -54.8468 -282.705 30.2092 -64.8183 -299.53 -34.2597 7.69818 -145.859 -51.5371 -21.6132 -158.065 -75.012 -51.017 -172.455 -89.8763 -67.8985 -176.377 10.1279 40.7475 -131.016 67.2654 101.005 52.3674
./depth/27.png 0 0 -200 -21.1322 -32.6548 -209.525 -2.82257 -160.4 -254.45 3.00109 -192.952 -265.21 6.01052 -211.535 -273.152 -0.785377 -28.4341 -219.755 -0.518758 -52.748 -253.556 11.3633 -83.2108 -249.413 18.3774 -100.369 -243.323 39.5644 -8.36344 -214.491 58.7219 -32.9237 -200.058 73.9137 -51.684 -189.853 81.0382 -59.8685 -176.389 20.0266 -18.4539 -220.799 23.6327 -37.0405 -254.291 28.3642 -54.8468 -282.705 30.2092 -64.8183 -299.53 -34.2597 7.69818 -145.859 -51.5371 -21.6132 -158.065 -75.012 -51.017 -172.455 -89.8763 -67.8985 -176.377 10.1279 40.7475 -131.016 79.878 103.964 46.9269
./depth/28.png 0 0 -200 -21.1322 -32.6548 -209.525 -2.82257 -160.4 -254.45 3.00109 -192.952 -265.21 6.01052 -211.535 -273.152 -0.785377 -28.4341 -219.755 -0.518758 -52.748 -253.556 11.3633 -83.2108 -249.413 18.3774 -100.369 -243.323 39.5644 -8.36344 -214.491 58.7219 -32.9237 -200.058 62.2033 -37.1646 -174.43 59.4887 -33.1744 -157.825 20.0266 -18.4539 -220.799 23.6327 -37.0405 -254.291 28.3642 -54.8468 -282.705 30.2092 -64.8183 -299.53 -34.2597 7.69818 -145.859 -51.5371 -21.6132 -158.065 -75.012 -51.017 -172.455 -89.8763 -67.8985 -176.377 10.1279 40.7475 -131.016 79.878 103.964 46.9269
