./depth/0.png 0 0 -200 0 0 0 0 0 0 0 0 0 0 0 0 0 0 0 0 0 0 0 0 0 0 0 0 -20
./depth/1.png 0 0 -200 0 0 0 0 0 0 0 0 0 0 0 0 0 0 33 0 0 0 0 0 0 0 0 0 -20
./depth/2.png 0 0 -200 0 0 0 0 0 0 0 0 0 0 0 0 0 0 33 0 0 0 0 0 0 0 0 0 -10
./depth/3.png 0 0 -200 0 0 0 0 0 0 0 0 0 0 0 0 0 0 33 0 0 0 0 0 0 0 0 0 -10
./depth/4.png 0 0 -200 0 0 0 0 0 0 0 0 0 50 0 0 0 0 33 0 0 0 0 0 0 0 0 0 -10
./depth/5.png 0 0 -200 0 0 0 0 0 0 0 0 0 50 0 0 0 0 33 0 0 0 0 0 0 0 0 0 -10
./depth/6.png 0 0 -200 0 0 0 0 0 0 0 0 0 61 0 0 0 0 33 0 0 0 0 0 0 0 0 0 -10
./depth/7.png 0 0 -200 0 0 0 0 0 43 0 0 0 61 0 0 0 0 33 0 0 0 0 0 0 0 0 0 -10
./depth/8.png 0 0 -200 0 0 0 0 0 43 0 0 0 61 0 0 0 0 33 0 0 0 0 0 0 0 0 0 -10
./depth/9.png 0 0 -200 0 0 0 0 0 43 0 0 0 61 0 0 0 0 33 0 0 0 0 0 0 0 0 0 -10
./depth/10.png 0 0 -200 0 0 0 0 0 43 0 0 0 61 19 0 0 0 33 0 0 0 0 0 0 0 0 0 -10
./depth/11.png 0 0 -200 0 0 0 0 0 43 0 0 0 61 40 0 0 0 33 0 0 0 0 0 0 0 0 0 -10
./depth/12.png 0 0 -200 0 0 0 0 0 43 0 0 0 61 40 79 -8 0 33 0 0 0 0 0 0 0 0 0 -10
./depth/13.png 0 0 -200 0 0 0 0 0 43 0 0 0 61 40 79 -8 0 52 0 0 0 0 0 0 0 0 0 -10
./depth/14.png 0 0 -200 0 0 0 0 0 43 0 0 0 61 40 79 -8 0 52 0 0 0 0 0 0 0 0 0 -10
./depth/15.png 0 0 -200 0 0 0 0 0 43 0 0 0 61 40 79 -8 0 52 0 0 0 0 0 0 0 0 0 -10
./depth/16.png 0 0 -200 0 0 0 0 0 43 0 0 0 61 40 79 -8 0 52 0 0 0 0 0 0 0 0 0 -10
./depth/17.png 0 0 -200 0 0 0 0 0 43 0 0 0 61 40 79 -8 0 52 0 0 0 0 0 0 0 0 0 -10
./depth/18.png 0 0 -200 0 0 0 0 0 43 0 0 0 61 40 79 -8 0 52 0 0 0 0 0 0 0 0 0 -10
./depth/19.png 0 0 -200 0 0 0 0 0 43 0 0 0 61 40 79 -8 0 28 0 0 0 0 0 0 0 0 0 -10
./depth/20.png 0 0 -200 52 23 90 0 0 43 0 0 0 61 40 79 -8 0 28 0 0 0 0 0 0 0 0 0 -10
./depth/21.png 0 0 -200 52 23 90 0 0 2 0 0 0 61 40 79 -8 0 28 0 0 0 0 0 0 0 0 0 -10
./depth/22.png 0 0 -200 52 23 90 0 0 2 0 0 0 61 40 79 -8 0 28 0 0 0 0 0 0 0 0 0 -10
./depth/23.png 0 0 -200 52 23 90 0 0 2 0 0 0 61 40 79 -8 0 28 0 0 0 0 0 0 0 0 0 -10
./depth/24.png 0 0 -200 52 23 90 0 0 2 0 0 0 61 20 79 -8 0 28 0 0 0 0 0 0 0 0 0 -10
./depth/25.png 0 0 -200 52 23 90 0 0 2 0 0 0 61 20 79 -8 0 28 0 0 0 0 0 0 0 0 0 1
./depth/26.png 0 0 -200 52 23 90 34 -1 2 0 0 0 61 20 79 -8 0 28 0 0 0 0 0 0 0 0 0 1
./depth/27.png 0 0 -200 52 23 90 34 -1 2 0 0 0 61 20 79 -8 0 28 0 0 0 0 0 0 0 0 0 5
./depth/28.png 0 0 -200 52 23 90 34 -1 2 0 0 0 61 20 79 -8 55 28 0 0 0 0 0 0 0 0 0 5
